$ANSIBLE_VAULT;1.1;AES256
31373864646662306663636561343063396465353762316565396266316136383233653134663935
3635613863313265323130646534343437396163356666610a663030613565623331353262626337
37383663623638636564616431316439373464343764666332363136333535616263346433303964
6232353339643737330a663732386531616630336165363264383231313064346464386539633438
31306665613164373231356662663265633566303864623234653163393030393265383734323866
64383939333038313236373763666161623732633461323930326333663063623666663861373764
65353361313063333263633664666539653232303538616137366163353862376464636433613135
63353833353239326539643164623938323132336238323561363961373931376539326632626338
32663662353432366464376536653861633032323134616163396261336438633965666663363536
66666339356136616232633738653963636665383538383064313737363636323862626462653963
36656231616363623564386530636432356339313933383366306535356239613066346261393063
62326538643030653935323631316563663131656330633561653965303063363964653233646238
66326237383733386532356534616366656361653836663866613135383931323963653438313339
36656362353832386233326635356366636336633661346166383563326165396466376437313039
32636230633363353731666332656536333961366361616435323231313833346562326662623433
64633364366435663935346336313563353564623335366332363230626137613562643937636234
32643864613563636666313164353539643738333139346539313533636561636330383765616336
36626331336536306535623432316265666432373833643930363036363761396631303165613736
33363331343061356466643339386165353135376163323535353031643566663938363937373961
31653130306366643032636165313165326439353666656439346533376532386533393366646564
62393962306262373030616363313763393762636365326238336462323730646533376263663135
63313838326538643231666337306434616539393335663937626361353930313663326135356261
62646566626337623366396361396631376662636530653735303861663337343632666265333265
63366165323364353161373538306665643861336361393337326432656565633366653862633866
36623662666530386236306433646635323135373831663438353865626639633564383530646261
31663961316335636231653565613365616562633638643565373166323966656237346236363237
62373062636431376537613136326233643637626330613264643535356430343435313738363835
61373535613933626435633865336639663432663264653065366537333063373764326538346334
36666232306461666134633235343662313965363365353135346563373830623434313832626165
35346263636130343638363538366264313165633734383833356336623731363338343132383737
32363066656266616432653063353636383738356564646536353631636661353331366335633162
63363235323866356166356635346561353063316564343633613966633264386239373934363230
36393361346339343766306336623034636634366662626235356136393636323734666131343865
33623233386335656261663162643631346465383635643536663162366361393739663630666230
36346265396636636466313831666233396363396562333437633137316632343966373866303662
32666565383233326238313265323833613764643830303430623336363038343138366632343965
32346363663363393330643265663565343334373935313838323036373662373130303537386139
38383866626566653563643464626263633064373531383365643032656537346634316137616232
66366436623734316265646563643038346561653032653464353261663233623266623366626561
39663831663638646330383764363331633361383635623034633938353336636536363130353131
38326537323734643732383033343462356263366366343934393237313030303039626663303537
39626430643864363833326432326437326663363164663332313537623661313164363265656137
31383835336631383238366666303637356335636538303534353637623836363336363837383636
30646336623765343532316466646562353238653231336337393363383435646239363230653166
39613761393065373830646130323163323232383834623265383763656331303032383761643063
30353061306533656363323862613266366164393639656233616437383339303062613432646664
35383965643038653037643432383330333063313035646265663263363233313738343662366639
33333139323163303839613464326432303730373964633133633632646331303433623730393234
63636436393735326663663530646534643263646537323066363038323362323965336434363665
39653431366364623963616462656230393535363166646162623834356664393430356463323137
39323963383838396437653135623366303237306135373361663135363838303134393062636439
39333635643261666430646133363931343662313764626338306139383532383035646536623432
66663766306562643435663464396463626366333261663834636631343036633336343039653836
62623664343463373232393435373934663166363936303232633435303939346436393631616461
35323463356330313530613939323534386332373866363136346362353165376562643361383261
62633631643665386332653638626639373864383866383265346637396233356630303463326362
32306662663238303764383066663035313432393231333638343431366232666161
